[staff.png]
moddate=0000edee8bd00000
width=590
height=576
text=1;129;1;-;Lucida Grande;0.537271,0.418417,0.200000,0.000000;v1,4294967295,4278190080,128.000000,1.000000,0.500000,1.000000,400,2,49152;;
textactive=1
